600   4.0885169267654415
700   6.888878560066223
800   10.656756138801574
900   15.786640691757203
1000   22.374468517303466
1100   31.460253763198853
1200   42.35666124820709
1300   22.25678105354309
1400   27.588287043571473
1500   34.34928689002991
1600   43.43190038204193
600   5.821953177452087
700   9.024618768692017
800   13.691707754135132
600   5.549959444999695
600   6.58381085395813
600   6.580122590065002
600   5.588676810264587
600   6.02736599445343
600   5.843659400939941
600   0.26448516845703124
600   4.698491883277893
600   4.408551621437073
600   4.886052489280701
600   5.090994930267334
900   15.864084482192993
1000   23.386490750312806
900   16.814768314361572
1000   23.266552901268007
600   8.44816312789917
600   9.062168955802917
600   8.578555679321289
600   7.698873472213745
600   7.448836851119995
600   4.544783306121826
700   6.881262016296387
800   10.777616691589355
900   15.991101408004761
1000   24.55045247077942
100   0.3912558078765869
200   0.19619293212890626
300   0.5731553554534912
400   1.2912968158721925
500   2.4697525978088377
100   0.36054768562316897
200   0.17925491333007812
300   0.5118825912475586
400   1.1140798091888429
500   2.268980121612549
100   0.042774624824523926
200   0.1824395751953125
300   0.5152818250656128
400   1.1255582666397095
500   2.2628705072402955
600   4.180077495574952
700   8.392640914916992
800   14.039709515571595
600   4.32563441991806
700   8.527920579910278
800   13.836661839485169
900   21.49452313184738
1000   32.430927431583406
1100   47.014699411392215
1000   31.047418880462647
1100   47.20382354259491
